00000000000000000000FFFF80FFFFF0000000000000000000003FFF007FFFF0
00000000000000000003E003E0F7E00000000000000000000003FE07C0FFFC00
00000000000000000007C0FDF1FF80F800000000000000000007C0FFE1FFC0F8
00000000000000000003E07C7DE7E0F800000000000000000007C07CF9EFC0F8
00000000000000000000FE3C1FC1FC7C00000000000000000003E07C3FC3E078
000000000000000000001FFE07C03FFC000000000000000000007FFE0FC07FFC
00000000000000000000000003800000000000000000000000001FFE07C03FFC
0000000000000000000000000100000000000000000000000000000001000000
0000000000000000000000FFFFFFFF00000000000000000000000003FFFF8000
00000000000000000000FFFFE003FFFF000000000000000000007FFFFFFFFFFC
000000000000000000000FFFFFFFFFF000000000000000000000FFFFF003FFFE
00000000000000000000000000000000000000000000000000000003FFFFC000
0000000000000000000000000000000000000000000000000000000000000000
0000000000000000000000000000000000000000000000000000000000000000
0000000000000000000000000000000000000000000000000000000000000000
0000000000000000000000000000000000000000000000000000000000000000
0000000000000000000000000000000000000000000000000000000000000000
0000000000000000000000000000000000000000000000000000000000000000
0000000000000000000000000000000000000000000000000000000000000000
0000000000000000000000000000000000000000000000000000000000000000
0000000000000000000000000000000000000000000000000000000000000000
0000000000000000000000000000000000000000000000000000000000000000
0000000000000000000000000000000000000000000000000000000000000000
0000000000000000000000000000000000000000000000000000000000000000
0000000000000000000000000000000000000000000000000000000000000000
0000000000000000000000000000000000000000000000000000000000000000
0000000000000000000000000000000000000000000000000000000000000000
0000000000000000000000000000000000000000000000000000000000000000
0000000000000000000000000000000000000000000000000000000000000000
0000000000000000000000000000000000000000000000000000000000000000
0000000000000000000000000000000000000000000000000000000000000000
0000000000000000000000000000000000000000000000000000000000000000
0000000000000000000000000000000000000000000000000000000000000000
0000000000000000000000000000000000000000000000000000000000000000
0000000000000000000000000000000000000000000000000000000000000000
0000000000000000000000000000000000000000000000000000000000000000
0000000000000000000000000000000000000000000000000000000000000000
0000000000000000000000000000000000000000000000000000000000000000
0000000000000000000000000000000000000000000000000000000000000000
0000000000000000000000000000000000000000000000000000000000000000
0000000000000000000000000000000000000000000000000000000000000000
0000000000000000000000000000000000000000000000000000000000000000
0000000000000000000000000000000000000000000000000000000000000000
0000000000000000000000000000000000000000000000000000000000000000
0000000000000000000000000000000000000000000000000000000000000000
0000000000000000000000000000000000000000000000000000000000000000
0000000000000000000000000000000000000000000000000000000000000000
0000000000000000000000000000000000000000000000000000000000000000
